8.838416
0.000000
4.441371
2.242849
0.044326
4.441371
0.044326
6.639893
7.066192
0.000000
2.232691
0.000000
0.000000
2.232691
0.000000
4.649442
6.161444
0.000000
0.848163
0.000000
0.000000
0.848163
0.000000
3.504804
5.645173
0.000000
0.000000
0.000000
0.000000
0.000000
0.000000
2.724832
5.374703
0.000000
0.000000
0.000000
0.000000
0.000000
0.000000
2.164485
5.159854
0.000000
0.000000
0.000000
0.000000
0.000000
0.000000
1.630985
4.997960
0.000000
0.000000
0.000000
0.000000
0.000000
0.000000
1.118812
4.886905
0.000000
0.000000
0.000000
0.000000
0.000000
0.000000
0.622708
4.825095
0.000000
0.000000
0.000000
0.000000
0.000000
0.000000
0.137628
4.811433
0.000000
0.000000
0.000000
0.000000
0.000000
0.000000
0.000000
4.811433
0.000000
0.000000
0.000000
0.000000
0.000000
0.000000
0.000000
